2236
1 397 -78119
2 397 -67334407
3 383 -32252589
4 397 22804572
5 383 55055165
6 397 -30864058
7 414 71384025
8 382 -24905495
9 403 4824645
10 417 12029482
11 433 11917976
12 401 -81075110
13 389 -27373853
14 427 25759733
15 411 -35070673
16 382 -52126616
17 406 48616583
18 407 43023585
19 384 21053034
20 394 123881549
21 368 -17939429
22 404 50639036
23 394 13272279
24 414 55379822
25 397 -2016599
26 462 -39602760
27 392 70471923
28 425 42891748
29 420 76421517
30 392 41695078
31 402 4799012
32 396 -14204401
33 415 50085667
34 386 -37899838
35 434 18160102
36 429 -25480846
37 340 -23476328
38 384 -136714061
39 374 15145104
40 420 33889045
41 396 -26978914
42 408 72155469
43 387 -33555183
44 400 -16531643
45 396 5943614
46 376 -48269774
47 354 88264421
48 362 -84263518
49 388 52975153
50 375 35848044
51 427 75488091
52 395 2009269
53 386 99287831
54 396 -8243981
55 428 -21472977
56 386 -244715
57 427 -33511802
58 370 -91195763
59 405 -11833951
60 371 -36094794
61 390 28821357
62 370 4376587
63 371 6628878
64 421 2290405
65 354 -77357984
66 394 -48862887
67 407 -93104807
68 419 127930153
69 420 -26686354
70 390 23183917
71 408 -15903036
72 362 37141594
73 421 -55924811
74 410 82079771
75 386 146962029
76 405 -68686776
77 395 126265802
78 402 4960475
79 415 82221918
80 376 31132851
81 402 -50087559
82 396 -19425529
83 418 10043472
84 408 -27565800
85 381 74761845
86 399 -28092677
87 374 -70467899
88 390 -36934482
89 410 -13362542
90 374 37703517
91 417 -108641432
92 420 -68439268
93 406 -45184027
94 405 -28614723
95 390 -23211863
96 375 111266398
97 415 -41776310
98 383 -86212777
99 397 58938802
100 402 -120715763
101 406 46495852
102 403 2429680
103 423 65302980
104 389 -38930016
105 435 -57849250
106 386 83400417
107 423 116465800
108 449 87153378
109 394 -29668377
110 395 -80005891
111 390 68849766
112 395 12641736
113 390 -33148048
114 436 -74018096
115 426 -98890363
116 424 40744736
117 406 32762766
118 386 -44682088
119 412 -109513600
120 376 -40692770
121 426 -84020733
122 393 -59318296
123 392 -2486354
124 399 3017110
125 373 8861155
126 428 -79092697
127 417 -70578095
128 418 -104128962
129 400 -28471188
130 384 28848375
131 409 56548931
132 384 28487755
133 412 2345316
134 430 101159530
135 384 -23400989
136 410 -3225928
137 414 53620301
138 415 64375909
139 404 -13441477
140 411 -52959446
141 372 -105463130
142 416 57734376
143 393 -6769097
144 391 67201199
145 386 -22772349
146 395 16108418
147 404 -26756551
148 391 -28015575
149 407 -69587988
150 371 -5504730
151 378 45575804
152 389 -79970109
153 388 56985510
154 390 -29801209
155 410 -43972313
156 401 34934695
157 378 9567951
158 374 -1095028
159 424 8653740
160 414 12862453
161 424 -115384371
162 368 -46403353
163 418 -36933384
164 415 -106120600
165 394 -8285990
166 377 -15483063
167 417 25752996
168 382 14672945
169 399 43092807
170 367 76480243
171 383 -63492756
172 407 -42930412
173 407 -82747234
174 385 67571348
175 378 36894933
176 440 -53771902
177 397 12208187
178 431 4827763
179 414 64438557
180 377 -20638270
181 397 -43722290
182 372 -114677681
183 385 -43862415
184 425 138638479
185 396 53873205
186 372 -27888957
187 387 137416744
188 409 -12977651
189 349 17767230
190 412 64273006
191 414 -8272741
192 401 -59084340
193 381 107515468
194 368 54385946
195 388 -11228023
196 379 49273437
197 383 34354271
198 398 34787780
199 387 24297194
200 399 -148559688
201 357 -64328740
202 393 -44124650
203 405 -44310372
204 383 46516055
205 389 -73695213
206 406 97186046
207 418 -108036032
208 416 -35547265
209 393 13815443
210 394 17068460
211 404 -43471367
212 401 -123531918
213 418 -44825378
214 434 2990425
215 386 -58292001
216 417 49847706
217 414 -40772549
218 377 14296455
219 377 -105920907
220 379 -21893399
221 371 -35235123
222 425 -20036104
223 391 -51170371
224 389 -94038980
225 395 13255963
226 416 62813112
227 400 74779113
228 399 -9011596
229 394 -75289726
230 430 -58744662
231 433 50179702
232 404 -19730684
233 362 11674577
234 410 77173664
235 383 -55176838
236 379 70999041
237 392 70063112
238 413 -28657606
239 391 -29988907
240 396 -62005629
241 391 60544338
242 429 -60622770
243 402 65814566
244 400 -47579447
245 416 1269970
246 364 -95152258
247 408 29404888
248 350 -46194408
249 410 -6100539
250 397 -11965035
251 415 37320028
252 347 -39271265
253 395 -113626856
254 389 55660036
255 388 34406927
256 408 2488881
257 426 21451341
258 427 3873517
259 402 126382913
260 393 80618
261 380 -42889400
262 406 29486709
263 374 -20436604
264 408 62583477
265 386 68196437
266 385 -56089678
267 417 100661027
268 411 38032941
269 414 53345107
270 423 -13526475
271 379 64133224
272 435 87847228
273 409 -15779904
274 366 58635009
275 427 29114135
276 413 -103948938
277 431 12649008
278 385 13359082
279 388 25305436
280 427 -39085479
281 407 25904375
282 429 31316644
283 433 -16154972
284 395 104625590
285 417 98944490
286 383 118108258
287 383 22623212
288 394 51623760
289 415 66710997
290 419 81320107
291 414 -25596285
292 452 104093904
293 390 11844730
294 387 35482926
295 419 31812014
296 407 65725416
297 369 40824731
298 391 -7360284
299 356 -45145382
300 402 41738444
301 384 26421818
302 371 592950
303 379 8770764
304 370 -21023022
305 394 57421192
306 396 121582406
307 394 23749702
308 403 -31070117
309 387 -30526659
310 409 -81330019
311 379 27067204
312 390 -29402395
313 384 45930828
314 405 -61592192
315 428 -34040911
316 376 -38971544
317 389 83692843
318 393 -49531920
319 390 85957525
320 428 -57185120
321 415 3442729
322 449 48173629
323 402 38784158
324 412 41798034
325 428 14279907
326 399 -47035502
327 384 -32007238
328 387 -9517826
329 417 -113881071
330 415 54179504
331 386 -38034448
332 411 -12938054
333 421 -45198647
334 414 -48750200
335 393 34839950
336 412 107071579
337 403 -113683945
338 403 86769161
339 400 -14101054
340 384 30994416
341 382 -10655982
342 386 -29301717
343 408 -47067292
344 398 17429595
345 452 -104547973
346 417 103863357
347 386 38187298
348 463 -93266363
349 425 83806523
350 396 55606109
351 384 124145625
352 393 29308397
353 421 -105237036
354 384 -39667876
355 388 41626421
356 426 95321988
357 378 75769592
358 411 159248433
359 401 17486474
360 413 -48884112
361 437 51734237
362 421 128437916
363 391 -46743440
364 437 -88672110
365 427 -93217001
366 416 5847245
367 382 56293946
368 424 -33555775
369 387 -59317477
370 396 3180063
371 427 -55858196
372 417 7191383
373 371 -24559227
374 428 -55595959
375 410 -28349162
376 393 53021651
377 409 -63803097
378 408 -10087360
379 409 73018920
380 415 -81832864
381 380 -56449537
382 404 14561325
383 414 11672086
384 401 33305773
385 428 -5226387
386 406 56850031
387 377 109446213
388 394 -67412271
389 395 6203862
390 340 -132825321
391 408 91152800
392 407 -60242128
393 403 57943826
394 432 -39178069
395 397 -6333517
396 376 76644894
397 416 22056899
398 394 -74815965
399 437 3058374
400 426 -42474683
401 346 -951284
402 408 -49243829
403 387 -35589711
404 372 57146377
405 429 -1388126
406 403 -107324533
407 400 -64261614
408 424 12376959
409 427 -13505011
410 416 1727680
411 391 40374313
412 408 79644336
413 359 -15329835
414 410 57399446
415 383 81254644
416 405 -62784328
417 381 -77189812
418 408 30393571
419 398 -5643145
420 400 59624117
421 395 -32847296
422 386 68822294
423 394 35299380
424 408 6398247
425 416 85920990
426 427 26389995
427 393 -59462797
428 407 -84032728
429 440 -17343236
430 357 31104793
431 414 -4136474
432 405 -2768659
433 411 -84355124
434 360 59048794
435 411 80910058
436 412 -104885355
437 403 -46680871
438 405 -68674584
439 445 -19516966
440 404 66253887
441 407 -10665079
442 434 -2827088
443 441 108992877
444 407 -69231244
445 404 -37327145
446 376 5023912
447 374 11826436
448 379 -3021720
449 398 71657825
450 403 92267384
451 407 412583
452 393 -54646868
453 403 63880267
454 401 28010846
455 400 70553869
456 415 3480886
457 375 91772868
458 391 74808781
459 419 20012342
460 401 61073294
461 402 -47946310
462 387 38357065
463 387 -70297753
464 396 -72848878
465 404 -46395666
466 443 -39286530
467 437 15225877
468 397 6465916
469 411 -49466801
470 389 119903858
471 406 -48223659
472 425 -82360336
473 389 13826088
474 390 25140589
475 406 6731580
476 395 55707643
477 412 39315694
478 400 76401580
479 372 -57134254
480 401 5614403
481 408 -115173604
482 412 80410687
483 408 21008545
484 412 -48435270
485 386 20028517
486 407 -17603920
487 424 -79502639
488 392 -2655831
489 369 55913397
490 412 -50559038
491 401 -2045833
492 442 -34098647
493 418 8637586
494 407 15203687
495 382 -14974748
496 409 -52018223
497 417 -3725960
498 403 -62827309
499 398 -91103028
500 411 -69189020
501 419 10966465
502 374 -22146299
503 360 56799912
504 389 -74741327
505 422 23881447
506 418 61999489
507 383 -48833108
508 388 -122869832
509 408 103174126
510 439 37592367
511 424 -170961391
512 439 46292309
513 414 61356600
514 397 -48527170
515 389 -25058561
516 387 -45526182
517 374 -22664047
518 408 30789961
519 426 -62579371
520 381 -110433564
521 418 31893874
522 417 -66976602
523 390 -140716091
524 407 -77126291
525 387 26662954
526 421 26426316
527 405 -31793045
528 389 4773187
529 415 113711802
530 408 22814032
531 425 -10438737
532 405 -6216155
533 405 2212088
534 393 12064402
535 413 -38730208
536 406 -40256346
537 398 -94901236
538 430 8610558
539 387 47207930
540 434 540845
541 427 114723966
542 358 4237175
543 394 -44282281
544 398 104602658
545 419 17940907
546 372 3321562
547 381 -72940543
548 408 60065727
549 422 189052980
550 401 -15119066
551 371 41614706
552 379 15673231
553 397 -77107187
554 386 -39509908
555 404 -59163168
556 417 39448069
557 402 68807950
558 398 -9802862
559 414 48947040
560 446 7323028
561 426 -31450657
562 396 -34569619
563 389 -13099467
564 392 -54529146
565 395 -58107960
566 402 -28240660
567 407 -10811489
568 375 -47499984
569 404 -47822946
570 380 -25764371
571 387 -71534914
572 419 1795378
573 399 4597066
574 410 -98290610
575 405 -21815120
576 423 97849124
577 388 26619579
578 387 -54637866
579 387 -57513997
580 425 -72502764
581 421 4457049
582 363 -27028851
583 365 17101281
584 421 50311782
585 383 -45428520
586 393 6950231
587 403 13904066
588 391 66317557
589 384 -19083064
590 386 -31151538
591 398 15809917
592 388 35387338
593 398 -74765345
594 399 -168123207
595 394 72818677
596 383 -56227682
597 410 14890218
598 394 54855520
599 398 41266575
600 387 -8580871
601 380 7635690
602 387 -15959963
603 441 17978982
604 385 -2963463
605 379 20533007
606 387 -113658038
607 379 62196972
608 394 10337413
609 406 -18994880
610 396 -71607589
611 395 18949348
612 413 31319593
613 381 -2266611
614 374 -31326728
615 407 -6980163
616 392 -27449549
617 382 -31133317
618 430 -91425422
619 388 -27888051
620 403 -58287688
621 386 1953162
622 398 -28338526
623 403 36775730
624 424 -105274469
625 395 10613218
626 413 -5672210
627 394 -42937589
628 412 3572307
629 384 38767318
630 416 -8033156
631 393 -36137907
632 440 -46361158
633 423 -5148314
634 405 -7754722
635 406 -103545213
636 415 -8165430
637 394 -49056392
638 431 116950622
639 382 -41092676
640 439 -69023456
641 393 -56231695
642 407 3063793
643 393 -18179044
644 426 26189724
645 409 64993500
646 382 62245767
647 395 -46072374
648 365 -25079582
649 399 -10435117
650 391 45717047
651 401 2299887
652 382 -47059515
653 418 -38000335
654 438 -66284488
655 399 -5334840
656 426 -23677926
657 403 -35182620
658 387 58587678
659 373 46211365
660 354 -11175475
661 422 -47124787
662 390 33352389
663 387 -124835119
664 445 -14174348
665 384 -20057478
666 368 40416071
667 384 -106758684
668 406 -55598826
669 398 27452744
670 389 33102711
671 425 41902123
672 396 -40466920
673 410 63387825
674 419 37159569
675 391 -9118940
676 399 33608935
677 405 -74496830
678 422 -148124281
679 405 -45967594
680 424 27562187
681 416 159469724
682 409 9301948
683 397 -26952259
684 414 9014092
685 404 38753285
686 385 -26123770
687 394 -132149600
688 393 -12256733
689 453 72948574
690 435 100710815
691 349 -93922755
692 372 -7903491
693 388 15597916
694 395 -20584726
695 395 2535248
696 387 2084139
697 357 4489279
698 413 28839133
699 420 41326768
700 396 -16641816
701 420 -90712520
702 410 26073485
703 412 -38968693
704 375 -47986491
705 385 -45174896
706 414 -32229697
707 395 -30279188
708 394 -43273976
709 436 44628188
710 452 -9470734
711 406 75692746
712 443 -68373186
713 411 186088631
714 404 -2764406
715 396 18554676
716 401 2662526
717 422 49400587
718 404 -99164786
719 437 -87473303
720 375 2896033
721 427 -78246742
722 410 37735289
723 389 10657702
724 401 28509092
725 376 -64911766
726 378 -91770574
727 411 -148979264
728 404 54040430
729 419 -125729995
730 354 -93357291
731 424 57315256
732 414 4152877
733 410 -12010882
734 410 19903714
735 430 24194950
736 413 -14226045
737 421 43073878
738 423 45151761
739 442 -54671473
740 398 -2716503
741 393 43614975
742 391 60057521
743 416 -71643935
744 391 22612972
745 446 43927505
746 401 -27644850
747 403 17133556
748 409 -37554888
749 389 -13094964
750 418 22778883
751 419 -4216719
752 438 157385280
753 419 18216745
754 431 88970732
755 394 -85331051
756 427 13656638
757 386 -2332963
758 441 146393792
759 385 -32427795
760 419 -23229778
761 391 -114647078
762 404 16471305
763 387 -89210493
764 402 -79968666
765 384 66183703
766 369 22141785
767 397 74739199
768 418 41926845
769 386 33004493
770 377 22244783
771 387 40617628
772 389 -18167912
773 388 32657735
774 405 -91038718
775 384 -55022357
776 375 -54652258
777 417 29761827
778 398 36084749
779 390 -11174376
780 410 -23594988
781 397 26978950
782 389 -46658197
783 391 -84325266
784 388 -15687954
785 416 -18206192
786 373 -1201884
787 427 -21870287
788 433 -43931865
789 434 38124142
790 411 57693313
791 380 9427951
792 399 -8480884
793 381 36200682
794 431 132113145
795 393 40092081
796 390 46960455
797 405 21965560
798 369 -52437511
799 384 -45171611
800 404 -18808801
801 388 65967866
802 379 -2063386
803 395 -55641603
804 366 -113231001
805 357 89462729
806 388 -53091002
807 373 -72024238
808 406 16020178
809 378 -13557589
810 380 -29153371
811 409 36585303
812 431 -82694711
813 412 -11905389
814 389 65963912
815 418 22140488
816 404 -977403
817 403 40321996
818 430 -9767532
819 427 -12539679
820 380 -2688854
821 377 -30227389
822 398 -81317514
823 432 60696770
824 387 1514777
825 366 26820440
826 338 54642250
827 414 -19112854
828 391 -4105560
829 420 9123199
830 419 8236828
831 413 11594558
832 404 -95935724
833 419 -63899591
834 406 13718416
835 379 -21965467
836 389 48742281
837 394 14366747
838 404 -126368167
839 399 -46499345
840 407 -8136025
841 440 51434361
842 404 5377628
843 383 -5853357
844 377 -8301365
845 395 22809384
846 395 79156786
847 385 -15718156
848 414 -58976846
849 396 -24713595
850 420 -84686005
851 389 -109872224
852 395 -74943222
853 388 -39186613
854 380 -38047458
855 381 -12004370
856 404 -3258437
857 400 -170109799
858 420 51784814
859 413 -73597265
860 397 -16285749
861 403 -39353723
862 406 -47368940
863 412 -7254850
864 402 -105132312
865 412 -65030666
866 399 97693183
867 402 -89875098
868 406 -111015708
869 392 -24369593
870 403 82667382
871 433 -10155135
872 428 -80844531
873 370 17641281
874 396 -5311702
875 415 -68642653
876 421 17976478
877 396 -1321343
878 421 64353782
879 391 96153636
880 391 59844341
881 414 -2020710
882 404 -7816263
883 397 -37018342
884 428 -42837271
885 379 -96362966
886 440 -16199434
887 389 32524665
888 362 21678654
889 415 -29606407
890 436 148525730
891 383 42518732
892 442 73562418
893 431 1167323
894 397 -43811229
895 378 -10799232
896 417 75471789
897 406 80669811
898 426 39228815
899 410 -2778820
900 398 131684805
901 408 -70429435
902 397 -3268364
903 404 22237378
904 383 -42548405
905 403 42078019
906 394 54054834
907 404 103552359
908 427 14550734
909 394 -28489131
910 428 -42089427
911 376 -35486937
912 378 -16290688
913 407 3839560
914 403 36402594
915 408 37999753
916 415 -97563231
917 396 50619671
918 384 59377192
919 338 25940478
920 431 47805557
921 381 -68712570
922 411 -7656526
923 386 4590935
924 395 -36920870
925 403 -10302113
926 421 -10329964
927 416 -42968449
928 437 16266
929 406 50192037
930 404 -47074102
931 418 52072334
932 417 -35390835
933 412 -3441838
934 411 -41337114
935 369 -61871270
936 398 43076781
937 409 -130463394
938 403 30333012
939 419 4002295
940 396 -99045892
941 410 60321
942 388 82845295
943 380 47295825
944 359 -1783534
945 399 20375949
946 410 -37520332
947 409 4455699
948 400 28087383
949 424 -700044
950 384 59206054
951 384 85724401
952 409 39951098
953 394 -10822405
954 417 -127375598
955 387 -22085905
956 411 -1853811
957 381 -41055649
958 395 -4466609
959 389 53104044
960 374 -40357589
961 361 12400780
962 409 71147922
963 382 -16308688
964 385 27424631
965 455 -11260094
966 400 59566533
967 441 47199901
968 390 62903136
969 370 111401205
970 440 85855573
971 413 55011981
972 385 -680488
973 401 -6083162
974 425 41683675
975 389 -25867898
976 387 -32473699
977 413 -30966879
978 418 -91875319
979 369 -114919121
980 393 -35788892
981 365 -78958992
982 389 17880565
983 414 -3617946
984 380 38467786
985 394 115554273
986 380 -30840975
987 430 -61994752
988 415 -144998603
989 396 63479591
990 427 -29736762
991 369 30391353
992 429 10015830
993 396 -47634840
994 422 -76492556
995 401 58239682
996 416 -55555222
997 425 -32433110
998 401 -15352582
999 420 -52226024
1000 405 -12650266
1001 420 53547747
1002 408 66004378
1003 375 74147866
1004 405 -32023221
1005 409 -13069797
1006 403 48724755
1007 397 -39336165
1008 417 22477757
1009 410 -57270958
1010 401 3667316
1011 428 46531201
1012 393 -52771610
1013 404 87255327
1014 402 -17191485
1015 386 -18070501
1016 407 7369677
1017 438 -11742897
1018 419 90576257
1019 385 45968482
1020 402 50130007
1021 398 -15372643
1022 395 48499407
1023 390 -6597841
1024 395 -89156140
1025 423 18971017
1026 400 50336
1027 407 -69539075
1028 460 126641450
1029 367 12655490
1030 395 5946428
1031 389 -53909893
1032 442 64930416
1033 390 -29738526
1034 399 33725566
1035 414 6854226
1036 388 -19843730
1037 385 -33819957
1038 388 41776242
1039 401 27348943
1040 377 -99048706
1041 406 -115996548
1042 411 -16371329
1043 412 25785141
1044 392 -46626226
1045 452 -83025539
1046 382 -71045644
1047 384 114286824
1048 365 -16480002
1049 393 173016834
1050 423 -42866166
1051 367 1165861
1052 420 -721339
1053 385 -156884789
1054 418 -41937527
1055 387 -66297394
1056 392 80102986
1057 402 -151476115
1058 400 91006817
1059 432 -3732079
1060 397 -20639487
1061 416 23004847
1062 417 2842855
1063 407 -172576393
1064 425 37245958
1065 430 75739299
1066 390 25073765
1067 414 -60467238
1068 398 -10784023
1069 416 -54295119
1070 405 -87404313
1071 403 93508964
1072 380 5072510
1073 384 -54381642
1074 432 91478994
1075 410 -4498596
1076 424 7829744
1077 382 76453496
1078 391 32110534
1079 423 70725131
1080 416 26373107
1081 402 130251488
1082 389 3949086
1083 412 63131684
1084 384 -65563631
1085 391 37743440
1086 412 8822480
1087 382 132807930
1088 427 -106697310
1089 393 51024802
1090 408 -69135072
1091 358 -40634616
1092 442 -104201673
1093 440 193710363
1094 404 -160906837
1095 392 -78265859
1096 393 -40993747
1097 392 103324634
1098 386 -12139319
1099 404 789984
1100 402 -51224184
1101 419 77700596
1102 407 -13293886
1103 399 -26561597
1104 434 78926966
1105 410 13466728
1106 394 1164840
1107 400 -11649940
1108 359 17552080
1109 389 12487878
1110 400 8344427
1111 380 12122001
1112 399 67951112
1113 425 44915457
1114 417 95741204
1115 406 -2210179
1116 380 -51843466
1117 390 -24911841
1118 388 112035587
1119 405 -22162039
1120 382 -143638237
1121 368 13943376
1122 380 10091801
1123 425 22837321
1124 418 63767992
1125 396 -76339996
1126 394 101347962
1127 401 26449229
1128 449 102592369
1129 376 -953065
1130 392 -42090371
1131 409 86581095
1132 390 -66344785
1133 376 91860519
1134 380 -117891640
1135 370 -21569564
1136 370 31886751
1137 384 64713209
1138 407 -103629987
1139 439 25042249
1140 399 -55749366
1141 393 -97352010
1142 396 12167247
1143 391 18716210
1144 403 23808183
1145 404 81440811
1146 406 20824482
1147 399 -17237642
1148 424 -22654370
1149 423 -70920240
1150 381 -29014179
1151 405 -8161974
1152 373 -15990606
1153 384 -23627007
1154 377 -19923362
1155 397 91504465
1156 392 77545532
1157 382 -65597033
1158 384 -14600300
1159 425 -58383233
1160 433 -4379909
1161 389 -78370193
1162 390 -67457639
1163 380 -13368153
1164 441 57916495
1165 403 15069060
1166 399 -23323559
1167 419 73690232
1168 380 13581487
1169 366 -12949349
1170 395 -84243556
1171 414 6640591
1172 429 63165377
1173 404 -59735130
1174 423 21250353
1175 364 -41390121
1176 382 -52103575
1177 389 -74874041
1178 415 -56599876
1179 383 6522502
1180 399 120092286
1181 380 97403311
1182 389 46050302
1183 388 -3141350
1184 411 86565746
1185 442 70442762
1186 406 6867881
1187 405 17188165
1188 391 32070350
1189 402 -2433051
1190 343 -105245037
1191 385 -89710597
1192 395 62937168
1193 429 80034958
1194 406 -18551618
1195 392 42664038
1196 396 52161677
1197 398 -7975941
1198 407 -24581074
1199 396 23850357
1200 435 45801473
1201 393 166394011
1202 425 21316910
1203 382 94690166
1204 404 7348026
1205 385 36938429
1206 397 -16130790
1207 397 22111469
1208 416 -129318553
1209 391 -23626236
1210 373 -29590479
1211 380 -25086006
1212 370 -45217821
1213 401 -39415934
1214 386 -53347032
1215 412 -65612790
1216 390 73301771
1217 427 -30311066
1218 415 -9898782
1219 401 103625083
1220 394 8511592
1221 428 -28215626
1222 420 6379405
1223 373 -1565804
1224 444 -60920810
1225 399 -17906595
1226 397 -21980066
1227 401 61208738
1228 394 58027254
1229 402 -841712
1230 366 20423930
1231 411 -60891437
1232 432 -42266786
1233 411 7210134
1234 362 -8621661
1235 405 81587773
1236 423 -65921799
1237 377 -10174246
1238 366 54950092
1239 440 -14735086
1240 410 3186757
1241 401 41863567
1242 392 7113152
1243 420 1500818
1244 366 130200698
1245 444 71880583
1246 429 58244408
1247 424 -4789309
1248 391 -122944004
1249 403 5652833
1250 367 59060915
1251 371 14046428
1252 419 35722402
1253 386 -55144388
1254 417 19932905
1255 399 119643805
1256 422 -4276056
1257 381 -70271115
1258 378 -41393237
1259 428 -7579272
1260 422 -64818706
1261 388 -45081463
1262 406 119668331
1263 404 3852282
1264 413 -12270813
1265 408 -18709979
1266 402 52661738
1267 449 -20997618
1268 403 -46252206
1269 384 24689969
1270 385 37425907
1271 403 79798473
1272 409 -12547480
1273 378 16017602
1274 399 72265345
1275 424 -16648576
1276 389 16647602
1277 413 -31226539
1278 419 3543059
1279 416 -28445466
1280 363 -36979859
1281 407 -29563189
1282 378 66725529
1283 416 -63895371
1284 400 71618433
1285 390 -75362691
1286 412 76298605
1287 406 61622716
1288 426 -46382239
1289 393 48153574
1290 407 -31800549
1291 403 77565406
1292 369 76048968
1293 410 34153916
1294 410 -20851187
1295 423 -9374374
1296 403 -15522468
1297 398 32070275
1298 434 -67468240
1299 394 -45987653
1300 379 72808463
1301 406 92606121
1302 432 22395196
1303 378 -111176468
1304 436 35879243
1305 368 6172430
1306 378 -98097504
1307 409 11595317
1308 403 79359812
1309 418 -41607730
1310 426 69047574
1311 427 -8355541
1312 392 -42725199
1313 396 5913742
1314 433 19315847
1315 434 -127297093
1316 396 89171584
1317 410 43796707
1318 428 -25240238
1319 435 18667517
1320 393 36140985
1321 367 -34536084
1322 388 -36204296
1323 380 94238487
1324 397 16670941
1325 400 19929911
1326 378 90522789
1327 383 23600030
1328 401 40797310
1329 393 -55970737
1330 385 -10042292
1331 394 -49184447
1332 397 38984430
1333 403 41577559
1334 389 57103727
1335 401 40619309
1336 362 54837263
1337 409 -78137253
1338 427 47895706
1339 386 -18687933
1340 434 -54533871
1341 415 -34279925
1342 400 -25296429
1343 399 26067010
1344 426 44517158
1345 403 19627420
1346 414 -11424973
1347 356 58202610
1348 410 36092204
1349 386 -18861414
1350 369 -36971949
1351 400 -67835754
1352 398 -37867381
1353 394 -17803091
1354 378 21960553
1355 392 -111376817
1356 395 -4840474
1357 404 -43858570
1358 425 -65362379
1359 417 -16212678
1360 404 91483786
1361 385 142166973
1362 426 11014904
1363 416 43276255
1364 416 30623211
1365 389 29224188
1366 402 -86479550
1367 424 -8268752
1368 387 13703802
1369 411 29765322
1370 396 -57957870
1371 397 -64859859
1372 365 69404381
1373 407 47839998
1374 399 -30162960
1375 382 101392074
1376 434 -97220449
1377 379 -47169876
1378 393 -53594683
1379 402 -5993659
1380 400 27952378
1381 410 -33165093
1382 423 81382575
1383 411 -24329425
1384 421 -90940654
1385 409 -70910570
1386 424 11883894
1387 381 -13159171
1388 432 25572558
1389 374 71434133
1390 428 -20834048
1391 393 -7137205
1392 399 -168408802
1393 414 8455266
1394 413 -11912701
1395 412 126451399
1396 387 -69666734
1397 407 70697
1398 422 107072450
1399 412 16389423
1400 409 15442206
1401 385 -7931518
1402 402 -70076486
1403 395 -32805934
1404 384 167901660
1405 412 52043144
1406 414 -55170204
1407 430 -5825723
1408 404 96114431
1409 392 67149911
1410 400 -23508624
1411 413 84866825
1412 428 106814248
1413 411 -60960113
1414 392 -16175144
1415 394 -137088899
1416 435 41004481
1417 409 55132568
1418 437 -41200184
1419 420 -57961185
1420 356 -1065030
1421 369 -19457912
1422 435 -122052912
1423 385 -1290953
1424 368 -38780859
1425 394 -51488740
1426 426 49162039
1427 392 91510819
1428 405 7294355
1429 418 -34009204
1430 412 122299830
1431 416 -28759572
1432 412 29699485
1433 355 -128818583
1434 435 -18789435
1435 385 -30159116
1436 454 17644170
1437 432 11982059
1438 416 80200643
1439 417 -32695565
1440 406 12050304
1441 420 -11957026
1442 413 -81505581
1443 375 -10062377
1444 403 -95443494
1445 413 -23779351
1446 397 -77291479
1447 402 -69756287
1448 417 -110741879
1449 419 8649306
1450 413 -87066616
1451 415 3184863
1452 412 111602205
1453 381 33385805
1454 394 -18075766
1455 395 57861729
1456 390 -24307443
1457 419 26371603
1458 433 58158710
1459 377 21150960
1460 380 -1226611
1461 415 -34170764
1462 422 -61205164
1463 396 37893327
1464 368 7241494
1465 361 21031806
1466 431 -51113266
1467 396 16156095
1468 405 -53051148
1469 398 99934424
1470 413 -17744632
1471 389 -23987581
1472 386 115244791
1473 427 -1521648
1474 377 15796262
1475 377 59330257
1476 436 -118368
1477 404 -1507558
1478 354 -25323447
1479 419 -22256952
1480 420 -17175572
1481 406 109179739
1482 427 36133649
1483 371 -102908344
1484 401 -6459421
1485 371 51808987
1486 423 -8024346
1487 409 -30019542
1488 382 -63576180
1489 362 -40166888
1490 366 -73315746
1491 393 -114784461
1492 389 -51607240
1493 399 56711593
1494 427 80685477
1495 408 -69207915
1496 395 -46566491
1497 394 -78522288
1498 441 14325243
1499 406 -19934321
1500 393 28892257
1501 423 -98607784
1502 379 -6332776
1503 409 68855259
1504 397 190644696
1505 404 -91093381
1506 408 7337576
1507 397 12657919
1508 412 -19220362
1509 401 660675
1510 411 12168123
1511 415 -64766920
1512 392 -35565335
1513 406 -38279778
1514 402 -34010712
1515 383 7085579
1516 409 -41238330
1517 403 -10259676
1518 438 -85434665
1519 394 5223526
1520 448 13842692
1521 394 -5158993
1522 382 15129449
1523 407 -40997852
1524 384 37170868
1525 429 -26341869
1526 386 37469510
1527 398 -105913405
1528 395 60342655
1529 401 18034984
1530 395 56143681
1531 405 26447200
1532 380 48833121
1533 407 21512433
1534 385 24049124
1535 408 -48752387
1536 408 -128389191
1537 384 33812564
1538 417 11237595
1539 401 -31903693
1540 399 5825638
1541 425 -61548227
1542 389 -98248403
1543 428 87591647
1544 404 -34494513
1545 378 -97306737
1546 420 -9789409
1547 351 -52196311
1548 392 -14958597
1549 371 -15706832
1550 416 -45591326
1551 388 -26811848
1552 393 14813071
1553 381 -29544019
1554 385 -32395968
1555 387 -104983435
1556 404 32961270
1557 417 -97848740
1558 393 -68131790
1559 390 -53760712
1560 403 113273711
1561 422 4174997
1562 416 -66459319
1563 417 -104953884
1564 378 -53895685
1565 400 49546458
1566 412 77834833
1567 370 -15239787
1568 426 -97336294
1569 383 -31977808
1570 430 12184724
1571 416 63022412
1572 384 12628695
1573 409 -28763183
1574 417 -29661491
1575 402 -126137634
1576 399 50036195
1577 427 -35611275
1578 411 -8100460
1579 409 25301638
1580 451 -135852009
1581 411 -130168224
1582 431 -107736782
1583 402 -35451957
1584 426 5651615
1585 401 33195641
1586 367 -1409006
1587 395 12413272
1588 375 -36000512
1589 410 -12273456
1590 422 -13361728
1591 384 -62083305
1592 356 -36562494
1593 386 38356543
1594 414 -106408071
1595 381 71706564
1596 395 -107603525
1597 373 -59555798
1598 396 4330411
1599 391 -32949358
1600 405 -7155402
1601 397 31964394
1602 407 -14694129
1603 390 -69229734
1604 373 10932868
1605 407 -45935431
1606 401 -93845061
1607 424 -19020817
1608 409 118568189
1609 397 37692286
1610 420 27528532
1611 405 45431883
1612 399 95382707
1613 377 -50036387
1614 394 -6210037
1615 407 -11124330
1616 421 -15976488
1617 397 -23347020
1618 392 18951453
1619 417 -34756430
1620 369 55435976
1621 379 -11124982
1622 391 141545718
1623 444 89296173
1624 411 -41657884
1625 397 -60212774
1626 376 102394528
1627 406 -125425377
1628 437 -20987826
1629 371 -21707825
1630 391 107356195
1631 371 -39318289
1632 389 -43854345
1633 435 18408773
1634 376 89210143
1635 418 -8568104
1636 403 -58719474
1637 394 143420843
1638 414 75580599
1639 421 -32948718
1640 376 69210138
1641 419 -128116892
1642 394 -98273243
1643 410 -50713252
1644 401 -37053244
1645 399 49600678
1646 406 51212683
1647 392 -142297364
1648 387 94069406
1649 393 102479007
1650 386 37099362
1651 427 -19944353
1652 411 52360252
1653 415 -53775110
1654 413 22350503
1655 401 29971493
1656 408 81349393
1657 395 35768780
1658 400 72792106
1659 441 6237878
1660 370 -43061992
1661 376 60384717
1662 372 -64871158
1663 412 18362252
1664 412 -20614866
1665 391 -91825891
1666 396 -87677646
1667 414 -4264945
1668 387 6298782
1669 421 35697549
1670 382 -47418561
1671 407 24618388
1672 415 -74877854
1673 386 70251473
1674 411 31672137
1675 390 6468658
1676 386 -78686925
1677 403 -68766371
1678 394 -49799922
1679 405 881311
1680 433 -10809796
1681 412 -74556729
1682 408 -75260576
1683 411 7912457
1684 394 13992915
1685 402 -29891635
1686 394 -99891742
1687 350 -25685300
1688 393 -11849794
1689 397 -29443799
1690 439 46446649
1691 412 26479419
1692 365 -12554980
1693 414 -8825946
1694 393 -42556587
1695 399 -85358987
1696 397 55174706
1697 378 64762458
1698 357 -5455225
1699 386 19950586
1700 431 7662478
1701 400 84485494
1702 390 -58274945
1703 399 107929229
1704 439 37108481
1705 430 -8701886
1706 375 -40711540
1707 403 -26724026
1708 391 57801502
1709 401 21312694
1710 432 -47150903
1711 381 97723133
1712 402 -56741921
1713 408 68045810
1714 387 12848394
1715 421 51561989
1716 406 28393245
1717 399 45385271
1718 386 -43629035
1719 401 -102303778
1720 408 42930262
1721 401 -45483191
1722 405 71806516
1723 391 38615345
1724 403 4509945
1725 393 -6340161
1726 430 -106290491
1727 406 33216639
1728 398 -7386829
1729 400 54491799
1730 424 -109742474
1731 377 -85302353
1732 406 -1133931
1733 406 22302390
1734 411 6265719
1735 385 20840066
1736 431 65107014
1737 433 57761019
1738 378 -7992331
1739 369 14581408
1740 381 71840287
1741 403 58187330
1742 392 -7898792
1743 417 -63035540
1744 373 15143530
1745 426 -18122299
1746 436 34369725
1747 432 8873463
1748 388 54003670
1749 412 -141415420
1750 416 49104001
1751 401 -45055828
1752 402 -44235104
1753 444 96856460
1754 402 37956167
1755 387 13493863
1756 373 -35491258
1757 405 50145480
1758 384 100287227
1759 392 -63434326
1760 400 -5663370
1761 400 9665294
1762 417 13231887
1763 421 23141658
1764 405 -7637599
1765 373 -18671181
1766 408 18632374
1767 402 29162778
1768 460 -155893801
1769 422 15160778
1770 393 34898363
1771 366 -18137782
1772 388 -7539661
1773 378 39669342
1774 441 -82455678
1775 413 -6161890
1776 382 78683007
1777 386 52213427
1778 394 2740180
1779 383 -53553163
1780 412 26793542
1781 444 42512904
1782 394 56615783
1783 439 -38622309
1784 397 -103202724
1785 411 -29062842
1786 412 -58718517
1787 408 -2188990
1788 439 -3082131
1789 411 -62257244
1790 416 82437362
1791 380 74978528
1792 422 106548974
1793 424 -88242027
1794 408 -45841770
1795 437 53803164
1796 376 -72953084
1797 389 21402208
1798 413 -51087311
1799 411 -18520434
1800 387 -51412556
1801 424 -103443140
1802 395 -12061407
1803 401 18829564
1804 381 16816582
1805 394 -64751025
1806 416 54489937
1807 388 25969013
1808 410 -12364222
1809 389 -42421656
1810 427 19852863
1811 431 -7956292
1812 390 -70958580
1813 416 27808973
1814 389 -77584254
1815 372 5009588
1816 425 18341885
1817 382 -10312517
1818 403 -68721532
1819 412 -11287
1820 364 13361737
1821 439 -58046653
1822 446 19726963
1823 421 39066152
1824 400 8315845
1825 391 -22219895
1826 383 -26693307
1827 406 34126477
1828 398 -53289393
1829 383 -156637305
1830 389 -25901198
1831 438 -14885459
1832 409 8212140
1833 426 34750238
1834 391 6792030
1835 379 -58318161
1836 411 30823908
1837 416 -5526371
1838 408 12933387
1839 405 -1137685
1840 366 -41977308
1841 382 27809388
1842 373 -17572753
1843 455 -29642185
1844 399 107390798
1845 373 26391246
1846 455 127368027
1847 391 -43237111
1848 403 5430633
1849 389 -28922047
1850 401 -30714413
1851 373 -53059865
1852 430 -40071997
1853 374 -29491430
1854 411 -41581014
1855 394 -21106579
1856 403 24892244
1857 384 -126401600
1858 403 39546550
1859 374 -16183189
1860 412 110932860
1861 375 -17022979
1862 414 121666880
1863 417 -51167099
1864 400 -24873906
1865 418 -32128510
1866 381 115996023
1867 386 18139392
1868 368 61472712
1869 389 54429371
1870 404 73296354
1871 414 -77225408
1872 390 -94601376
1873 412 -77724906
1874 385 139772020
1875 414 41246110
1876 428 -48317554
1877 403 7950841
1878 381 93032896
1879 400 -37653793
1880 394 -76268952
1881 426 37072803
1882 384 82209044
1883 422 57371228
1884 408 3248709
1885 365 -117636714
1886 423 102714247
1887 451 -40419840
1888 401 -17148710
1889 408 45688840
1890 405 -29474078
1891 439 -61400094
1892 399 83470899
1893 409 -31965153
1894 400 35134647
1895 401 1723782
1896 385 -40513642
1897 381 -525932
1898 390 -24850141
1899 420 80276482
1900 327 -36561590
1901 408 20242778
1902 375 -7470630
1903 444 90763250
1904 371 110285465
1905 403 -70283761
1906 404 61128716
1907 391 -78435507
1908 379 -41728793
1909 367 12258734
1910 401 42736268
1911 430 -56972830
1912 414 -1846625
1913 398 78498863
1914 419 -26682696
1915 377 15665360
1916 392 5292604
1917 417 -367672
1918 430 -158405613
1919 383 -9797543
1920 395 98274556
1921 404 -33787352
1922 410 19943071
1923 432 -47130138
1924 392 -7372774
1925 396 19696927
1926 393 26645520
1927 382 53416970
1928 391 85808396
1929 390 53423002
1930 406 -30360658
1931 433 15727236
1932 389 30937267
1933 369 -45291459
1934 406 -2715061
1935 357 19349836
1936 394 28623996
1937 425 82996811
1938 382 -7132816
1939 422 22429382
1940 396 9019713
1941 386 19897830
1942 414 36830328
1943 398 20623823
1944 424 -42790865
1945 374 59207715
1946 393 -3922637
1947 431 -48982702
1948 412 38463139
1949 411 74435187
1950 360 -74782044
1951 390 -33259434
1952 393 80055145
1953 400 104724440
1954 392 27539649
1955 391 -21915559
1956 422 66691920
1957 413 11612410
1958 372 16830202
1959 376 -2652522
1960 387 -32618555
1961 411 54552693
1962 432 -127779837
1963 407 -39081219
1964 443 -41396473
1965 436 45334845
1966 402 67827341
1967 401 -22938297
1968 392 2010675
1969 373 92287512
1970 425 59825323
1971 410 -13235451
1972 380 -18943810
1973 429 -31746441
1974 357 -4798859
1975 372 53290079
1976 426 107385238
1977 374 -11068012
1978 358 40092053
1979 421 54467155
1980 367 -323530
1981 428 -10393702
1982 416 -3332551
1983 378 -65380766
1984 413 -11445610
1985 398 12989621
1986 409 -51297874
1987 414 44266747
1988 425 -53351260
1989 408 -21740908
1990 414 -46139084
1991 386 67788271
1992 409 84052753
1993 424 -90784047
1994 434 11896565
1995 387 -56721926
1996 405 133955548
1997 401 98947758
1998 364 -46337261
1999 427 14237810
2000 393 32398931
2001 387 125514357
2002 388 -40917224
2003 415 -29863012
2004 396 -44133839
2005 423 22335770
2006 394 -3336483
2007 367 -111170617
2008 411 7762725
2009 424 -82067650
2010 412 -57697695
2011 368 68513132
2012 407 -40606121
2013 407 68439217
2014 424 -13586274
2015 381 -16514421
2016 393 -105875362
2017 385 45628401
2018 415 -3102916
2019 386 -15802956
2020 401 -26624177
2021 397 43697220
2022 414 -62108230
2023 408 -38528488
2024 436 -7476232
2025 414 -57563613
2026 407 49826945
2027 404 -12768716
2028 405 -75901077
2029 393 -76872879
2030 378 6860146
2031 412 -23414818
2032 416 -75760825
2033 395 106099483
2034 406 30517498
2035 378 64143482
2036 419 -17424402
2037 411 -31738355
2038 433 -116488523
2039 414 33160360
2040 423 19674738
2041 417 9379414
2042 418 49809366
2043 415 37712533
2044 404 122925933
2045 390 -51356430
2046 429 -159089519
2047 412 -57036363
2048 402 -32949824
2049 361 -35901686
2050 414 -54593582
2051 392 -14685084
2052 401 57088822
2053 400 -32473314
2054 389 10527493
2055 406 66236665
2056 402 -4957576
2057 397 -164896362
2058 411 60430152
2059 386 -6657165
2060 407 -20213266
2061 424 16579401
2062 408 -72443574
2063 407 -44241556
2064 375 -63055506
2065 387 9719008
2066 426 -120913305
2067 409 -61410085
2068 391 6898943
2069 401 -74401456
2070 393 -55741353
2071 398 672954
2072 397 4149407
2073 416 -35583861
2074 431 16667944
2075 399 -160568551
2076 370 24077385
2077 395 43134870
2078 387 -34402936
2079 420 22387420
2080 443 -19735986
2081 406 48349641
2082 411 80572214
2083 427 61529791
2084 413 82287089
2085 393 -109494522
2086 364 -11584114
2087 428 -33049068
2088 394 -92737237
2089 386 69690477
2090 391 6447326
2091 386 10294522
2092 400 48253044
2093 395 36045123
2094 370 -85103916
2095 411 -76606167
2096 445 -48003378
2097 423 -13856865
2098 401 21640261
2099 393 -105615073
2100 413 -87116580
2101 397 -50817264
2102 437 -56350362
2103 424 -86446992
2104 410 70919897
2105 398 -32257360
2106 358 138974753
2107 401 -18426969
2108 363 87646500
2109 415 48764276
2110 393 73524353
2111 362 36684968
2112 353 -34993192
2113 388 -51830313
2114 414 9998579
2115 410 -82737864
2116 384 86548931
2117 377 37402520
2118 382 -36777340
2119 393 -122046246
2120 380 -33720461
2121 400 -17649217
2122 372 -70297539
2123 413 -100108793
2124 412 -55462286
2125 395 122079914
2126 402 65497819
2127 428 39359560
2128 402 -40990502
2129 445 31044714
2130 382 -52654239
2131 413 -76985268
2132 384 71280419
2133 361 965320
2134 423 -25642101
2135 373 -26749593
2136 391 -36672200
2137 406 -45812762
2138 415 -36401110
2139 410 -78100469
2140 403 22593057
2141 372 -109346938
2142 358 87095568
2143 392 32839529
2144 390 -79888088
2145 408 -65043583
2146 421 -8279015
2147 375 -20634283
2148 395 -89446734
2149 391 -84482278
2150 443 32083435
2151 425 -20441872
2152 393 120129056
2153 410 -41319252
2154 343 -28773964
2155 420 55742512
2156 357 11548194
2157 406 38946096
2158 406 -10405798
2159 418 -76583896
2160 416 -90457317
2161 406 45930037
2162 387 13763924
2163 438 -163316039
2164 402 -36602228
2165 414 -49331239
2166 398 -109181725
2167 421 25663810
2168 413 129902480
2169 408 -46384416
2170 428 47078272
2171 401 -61467092
2172 380 52748962
2173 386 56579271
2174 363 18188113
2175 404 17811680
2176 425 -21449700
2177 410 -58504464
2178 397 12041823
2179 465 -24997962
2180 406 -73342631
2181 435 -22967812
2182 434 68279171
2183 411 48636806
2184 422 -47790623
2185 416 30358808
2186 413 -27385536
2187 381 1826005
2188 412 22033464
2189 401 -104176238
2190 383 19454110
2191 422 69938923
2192 409 50149719
2193 396 67191699
2194 409 2803877
2195 416 -28349763
2196 387 -437801
2197 399 8664244
2198 420 -3060260
2199 392 69671492
2200 401 124878208
2201 412 -12735125
2202 418 -44985251
2203 396 -42607059
2204 396 -25705549
2205 409 31765535
2206 432 -45840475
2207 389 -68580844
2208 389 23475766
2209 403 -62120908
2210 403 -18617700
2211 367 -67493578
2212 407 -5340061
2213 402 131239042
2214 425 -2212573
2215 395 -26536277
2216 396 -3727068
2217 391 -59947038
2218 361 -34748801
2219 421 71269809
2220 433 -142357969
2221 421 -5461433
2222 394 65103833
2223 387 -99870085
2224 374 9023279
2225 365 -16004008
2226 398 -8744290
2227 392 19263896
2228 384 48455909
2229 385 -90761724
2230 394 -19076993
2231 438 169722152
2232 400 39090362
2233 393 -18956304
2234 397 -27487269
2235 376 76701469
2236 426 55498421
